.Random.seed <-
c(403L, 10L, -1003737348L, 2077377874L, -1864668467L, 994640519L, 
-1597815442L, -2083029176L, 1072614219L, 685716137L, -359254024L, 
-1620666586L, -1433843647L, 1677158867L, -1831861374L, 307324852L, 
1087897399L, 607737389L, 223536964L, 1009341546L, 1964609237L, 
1977862255L, -2032137866L, -950259040L, -353755293L, 1168339969L, 
1504411504L, 1507538702L, 2032284025L, 2001192203L, 224353850L, 
-89287364L, 1503500927L, -767950379L, 1553981420L, -22789822L, 
-960889187L, -815834345L, 1445481086L, 350001720L, -1134568165L, 
-1509586311L, 1508017864L, -1170104586L, -452495567L, 1455484771L, 
646317362L, 1686394500L, -1871822137L, -227794531L, -388602604L, 
1319414714L, 1079451141L, -1591156769L, -254781850L, -1386118672L, 
-1112797421L, -598568783L, 1307849568L, 1720901886L, -1033940855L, 
-169771077L, 291178890L, -1721911188L, -43755025L, -1746824667L, 
845596380L, 1496931506L, -1921830995L, 608187239L, 1345638542L, 
730639720L, -163795605L, 1168604937L, 592777624L, -1992099642L, 
1304660513L, -1675636045L, -357179358L, 1482734100L, -54690153L, 
-167939955L, 2070939044L, 244615050L, -1567267851L, 1007536719L, 
296865110L, 333801472L, 275659075L, 1475114209L, 546000464L, 
-1757162834L, 1966290521L, 1091108459L, -362679334L, -1621351268L, 
1928900255L, -1966185227L, -1195113076L, -647561118L, 936087613L, 
-1072592201L, -1219972770L, -720013160L, -186317829L, -1828998759L, 
1042387496L, -1978522922L, -1728002223L, -1182995965L, 97000850L, 
-997233884L, -2142941721L, -1699788227L, 2116732084L, 1282786074L, 
-2015647643L, -19758849L, -1689112186L, -817502448L, 1485628339L, 
1582506065L, 321565696L, -427608866L, -1918023895L, 1340889819L, 
772649450L, 181533068L, -1958740273L, 1322975877L, -92874436L, 
-1924611054L, -2131825907L, 1654978631L, -1913087442L, -1188789368L, 
-1316204917L, -697720727L, 1956359224L, 2126388454L, 1215407233L, 
-1085836269L, -225680446L, -887096204L, -1295674761L, 1820060525L, 
983288836L, 230663978L, -654838635L, 1614635823L, -1694166474L, 
604808800L, -558648157L, -1362665535L, -328041552L, -1834836274L, 
1260723257L, 1789755979L, -916293638L, 955437820L, 538335039L, 
-472803307L, -2085360852L, -1495310334L, -1635620131L, 554987991L, 
-1198981954L, -438561032L, -1405786917L, -1027025095L, -28458360L, 
1430480438L, 608417393L, -794491741L, 2137886194L, 2006867268L, 
2022694407L, -383296547L, 1794208980L, 1406307322L, 842128197L, 
37068703L, -626125530L, 85859760L, 808449619L, 165187953L, 156227744L, 
-151263170L, 1379852105L, -1426848261L, -428291638L, 8595244L, 
-983337169L, -477751835L, 2084223132L, 1605758194L, 1025615213L, 
1536205479L, -1594012466L, 1231757864L, -746810837L, -1925498807L, 
-1246779048L, 258338822L, -1871568415L, 1675594611L, 1016528866L, 
-413182124L, 645536343L, 1030052429L, -2039472668L, 524728266L, 
1868667445L, -1928470385L, -555646570L, 455073088L, -857108477L, 
-2072030687L, 2025927952L, -2026636562L, 2069956249L, -539203797L, 
-1637211622L, -1704599332L, 1488411871L, -1618171211L, 229956684L, 
1191395490L, -2049859587L, 1185617616L, 1594543404L, 1090676980L, 
1403090322L, 1048811872L, -1400883188L, -132055328L, 1475050082L, 
1053105832L, -304916916L, 608811900L, 1497642290L, 1910603376L, 
246643524L, -1599728680L, 1748279162L, -138350032L, 2126678972L, 
-1660476844L, 1063767106L, 2079463584L, -1546272068L, 1075846608L, 
1304926050L, -82128152L, 1323017420L, -1500271108L, 44325362L, 
-2023639424L, -2016745996L, -574467448L, -1166555334L, -976871600L, 
-353645460L, 79441300L, -184677294L, -943285792L, 1645597900L, 
1115549856L, -2105071230L, -1039779608L, -1735662868L, 478377276L, 
1045597298L, -1327725456L, 108031012L, 1447813176L, -1588622566L, 
2086780112L, 756923196L, -1999591532L, -42389630L, 1861735872L, 
-192716228L, 11106704L, -1004168670L, -1181520632L, 652876428L, 
459126556L, -1814015854L, -1512873600L, -1923595756L, 882197288L, 
-1203149254L, -641828400L, 134526316L, 153686964L, 1564965906L, 
-1872432672L, 914916300L, 242200800L, 237824034L, -688022232L, 
-1835829748L, -317545668L, -439462926L, 1109958384L, 102402628L, 
690556504L, -89500870L, -1154067984L, 617029308L, 124960020L, 
513752770L, -769884064L, 1365231484L, -1870308400L, 142982434L, 
-381974872L, -1363514484L, -121996100L, 17573682L, 791532096L, 
-254641996L, -2145007032L, -1060512326L, 69980688L, -660037908L, 
-1306653356L, -969419502L, 293271968L, -840524084L, 1773667936L, 
-622816318L, -402848984L, -614147156L, 1080201020L, -981443214L, 
-2093264L, -279931612L, 1493801784L, -816087334L, -1761123440L, 
194165500L, 1369461652L, -1149136830L, 1312915712L, -1615285188L, 
-1966832304L, 2052718754L, -1194541752L, -2068972788L, 1534714588L, 
982958418L, -1617395584L, 230517844L, 424721384L, 1366103290L, 
420290384L, -277319892L, 1561271668L, 749633426L, 1540996192L, 
-1365183092L, 1838173024L, -2053839390L, -831478872L, 1943576780L, 
-8004612L, -1176014414L, 529169904L, -695312444L, 493691224L, 
1312634234L, -913473616L, 236918204L, 44688468L, 1386424258L, 
354916384L, 1218078908L, 1805375056L, -1108979742L, 974420072L, 
-10051508L, -1980168964L, 1464072178L, 2043505920L, 838759796L, 
-1305286648L, -590244934L, 636184016L, -497913876L, 1496845716L, 
548125138L, 171975008L, -1635923124L, 1672050976L, -868821118L, 
258893544L, 2047848684L, -486533060L, -1578995854L, -1541484944L, 
207977508L, -1951598792L, -54770534L, -18062640L, 695847100L, 
-605288812L, 481627778L, 113838272L, 1986871100L, -950501232L, 
1990526498L, -1613558776L, -1851921140L, -888021860L, -65510894L, 
2064610176L, 1465497108L, 418768424L, -4747974L, -1804880432L, 
245702764L, -1252199116L, 63079058L, 1013876576L, 391331660L, 
1671806944L, -1278055518L, 580991912L, 598784396L, 208368828L, 
2124505458L, -551935760L, -489217980L, -1408135848L, 1247388218L, 
1401991024L, 1064672316L, -129852652L, -1912072766L, 695101152L, 
1650561916L, 1471714000L, -443161438L, -1418573784L, -1460414196L, 
-2131196996L, -1680075470L, 727527872L, -1759006156L, -1903835192L, 
-1910893382L, -271083120L, 1122279916L, 1052200532L, 140936885L, 
-1655391214L, 1328635360L, -412204983L, 822650491L, 1985507148L, 
-376640806L, -152113457L, 1326947993L, 580895406L, 1256988604L, 
-393336787L, 93919191L, -590684640L, -574455938L, -559333045L, 
-671448243L, -540606086L, -1784450120L, -205133471L, 583431443L, 
2090704180L, 2103347010L, -771614889L, -1247000927L, -1244240026L, 
-566476444L, -1680817003L, -669332033L, 681619800L, -1426317450L, 
396832131L, -302512187L, 1248672994L, 1422068048L, 579131513L, 
-714515541L, -554041060L, 2097202762L, 1920418367L, -657975671L, 
475284126L, 1027465036L, -107210979L, -1874463065L, -940294704L, 
1730209134L, 1057593371L, 1078704509L, -511156374L, -1476294136L, 
1881140913L, 1154574627L, 418650660L, 501485778L, 1404733735L, 
-16145551L, -888221258L, 80931156L, 1627965413L, -1980190225L, 
1028290856L, 2077577606L, 682499507L, -200163051L, -338562190L, 
1764687808L, -41816023L, -800707429L, -786060948L, 1671102842L, 
-55225681L, -603952711L, 1824715726L, -1842533604L, 456082061L, 
1992592119L, -318415360L, 408680542L, 1177662251L, -640229331L, 
-1256453990L, 813849688L, -281621567L, -309255053L, -1316803180L, 
-513944542L, -1474198729L, -1476221439L, 1973577478L, -2047419580L, 
-85553547L, 1826516959L, 565453624L, -1908611818L, 422697251L, 
705012453L, 1178716930L, -542670480L, 183003417L, 1690986763L, 
1384753660L, 1124500010L, 679055967L, -586100247L, 344652542L, 
502706924L, 673309245L, -279166457L, 901023216L, 1369548174L, 
785169339L, -244509283L, -1277805750L, 1750024040L, 414593361L, 
611623491L, 606775108L, -1190622222L, -963296825L, -489605231L, 
690716438L, 405416820L, -681545211L, -964181425L, -1551245752L, 
1352998886L, -546131693L, 667639413L, 1632031826L, 2106531488L, 
-13755511L, 754804667L, 1411475468L, 1947657626L, 707429647L, 
-1487312039L, -196397586L, -1230172036L, 1399829741L, 1725719447L, 
